219 237 310 360 car
179 215 226 268 car
67 231 135 308 car
114 211 151 249 car
147 211 175 235 car
230 203 252 226 car
259 203 278 221 car
550 223 577 257 car
578 219 599 248 car
285 204 339 232 truck
34 183 98 233 truck
92 155 213 210 bus
2 200 32 243 bus
424 190 495 219 bus
415 209 431 269 person
513 218 529 286 person
490 209 498 274 person
448 210 459 246 person
537 213 549 276 person
498 248 540 284 bicycle
283 167 313 202 truck
249 174 276 196 truck
225 168 251 200 truck
437 227 467 253 motorcycle
